
CancelledColors <- list(
  Ackermann = list(c("#DD8C7B", "#88344A", "#4B3549", "#8A0B28", "#BC6B41", "#D3A265"), c(1:6), colorblind = NA),
  Agam = list(c("#cadd9f", "#5bb7a4", "#4987d3", "#1d369a", "#685db7", "#d46ca6", "#922d2a", "#b2372c", "#c7552b", "#d87a2a", "#dfa830", "#dfc539"),c(1:12), colorblind=NA),
  Alkalay1 = list(c("#241d1d", "#5b2125", "#8d3431", "#bf542e", "#e9a800"), c(1:5), colorblind=NA),
  Althoff2 = list(c("#e7d43f", "#92a742", "#467f3a", "#256249", "#003869", "#541a58"), c(1:6), colorblind=NA),
  Arman = list(c("#d54c4d", "#f7aa49", "#ffc950", "#90d162", "#9de8df", "#333f7a"), c(1:6), colorblind=NA),
  Axell = list(c("#d96860", "#bd2b1c", "#d76000", "#e5a400", "#f2d734", "#b6c448", "#7ab150", "#19763a"), c(1:8), colorblind=NA),
  Baker = list(c("#af1f2d", "#e5502e", "#f7cb3a", "#4fa07a", "#3462cb", "#654b94"), c(1:6), colorblind=NA),
  Bavington = list(c("#fac2e0", "#f593af", "#ed6378", "#e74554", "#bd3409", "#eb6838", "#ec862e", "#eeb632", "#c4b511", "#9ca000"), c(1:10), colorblind=NA),
  Budnitz2 = list(c("#f21887", "#e567a6", "#e5a1c3", "#f0f2f1", "#a1e5e5", "#55cccc", "#13c1c1"), c(1:7), colorblind = FALSE),
  Caland = list(c("#cf4e5e", "#7b2b35", "#c62e23", "#de5635", "#f0932e", "#f7d900"), c(1:6), colorblind=NA),
  Clay = list(c("#c48329", "#8b3b36", "#a2b4b7", "#514a2e", "#8E4115", "#cf9860"), c(1:6), colorblind = FALSE),
  doAmaral = list(c("#f3bc40", "#387f78", "#1a423e", "#4e8abb", "#152939"), c(1:5), colorblind=NA),
  Doughton2 = list(c("#87e9ab", "#3beb7c", "#28b25b", "#065523", "#82cbed", "#309bd9","#284cc3", "#192a63", "#ee6995", "#e63974", "#b32756", "#902347"), c(1:12), colorblind = FALSE),
  Exter3 = list(c("#f9e1dc", "#c7959e", "#a45e71", "#8b2734", "#df7c72", "#e5836a", "#db5039", "#f4c687", "#f7eaa1", "#4a77c9", "#2f4cad"), c(1:11), colorblind=NA),
  Exter5 = list(c("#a9281a", "#cc5b15", "#e2a224", "#00618b", "#1b234f", "#06071d"), c(1:6), colorblind=NA),
  Gilliam = list(c("#dfb322", "#e37c2a", "#e04a5a", "#7d87d6", "#5c307e", "#1b4260"), c(1:6), colorblind=NA),
  Gillick = list(c("#831515", "#e38209", "#e6ce00", "#a8a600", "#6b812a", "#255225", "#115162", "#8bbad2", "#053066", "#573236"), c(1:10), colorblind=NA),
  Gross = list(c("#507b81", "#727546", "#bb116c", "#5d6aa4", "#70473e", "#58a2cd","#b6273b", "#d4c991", "#c2643f"), c(1:9), colorblind = FALSE),
  Jeyifous1 = list(c("#ff7947", "#f1aa31", "#ffd000", "#b4ae37", "#424c0d", "#292521"), c(1:6), colorblind=NA),
  Jeyifous3 = list(c("#d65038", "#db7425", "#fbeb32", "#575824", "#26a7f4", "#2c6b70"), c(1:6), colorblind=NA),
  Johns = list(c("#dd8075", "#ca2f2b", "#fe9307", "#f4b322", "#005fa2", "#9c8fc6"), c(1:6), colorblind=NA),
  Kaphar = list(c("#9681ae", "#da1c15", "#ecb200", "#db5966", "#138948", "#117e7e"), c(1:6), colorblind=NA),
  Katz = list(c("#e77c78", "#64272f", "#d7263e", "#e9452f", "#313a55"), c(1:5), colorblind=NA),
  Kupka = list(c("#d1be5d", "#e5ba28", "#a28323", "#7a7c12", "#3f6215", "#204115", "#0e2625", "#0e1731", "#681c43"), c(1:9), colorblind=NA),
  Leger = list(c("#080a09", "#c44814", "#cb671e", "#ddc14c", "#032b1b"), c(1:5), colorblind=NA),
  Lichtenstein3 = list(c("#dba193", "#921c29", "#d6af00", "#ebd300", '#292524'), c(1:5), colorblind=NA),
  Lichtenstein4 = list(c("#e99b91", "#e3302d", "#f0cf00", "#26308f", "#181941"), c(1:5), colorblind=NA),
  Mendini = list(c("#cf766d", "#d99a42", "#f7c228","#d3bd41", "#2a7e4f", "#91c0b0", "#2b7585", "#6779ae"), c(1:8), colorblind=NA),
  Monet = list(c("#c18381", "#dbc9ab", "#b1b197","#57776d", "#43767b", "#5e89aa", "#477790", "#586497", "#6c607e"), c(1:9), colorblind=NA),
  Ofili = list(c("#264139", "#608142", "#eac500", "#bf5126", "#69383f", "#452b43"), c(1:6), colorblind=NA),
  OKeeffe2 = list(c("#96c7dc", "#4a99c0", "#4f7eb0", "#134980", "#001038", "#5dc0a9", "#a4ccbe", "#bbe0c4", "#ccb9ce"), c(1:9), colorblind=NA),
  Pintori = list(c("#557c75", "#2b2623", "#e7dfac", "#29365a", "#95b17c", "#a54233", "#8c8fb5"), c(1:7), colorblind = TRUE),
  Prekop = list(c("#f9a0b2", "#fd0800", "#00906f", "#7caef0", "#0066ca", "#201f24"), c(1:6), colorblind=NA),
  Pollock4 = list(c("#c34f95", "#aa532e", "#eaa244", "#889d56", "#717fac"), c(1:5), colorblind=NA),
  Popova = list(c("#9c2b1b", "#cb8990", "#1e1918", "#5e605a"), c(1:4), colorblind=NA),
  Rousseau = list(c("#173717", "#5d8d87", "#5b6f3d", "#2c5136", "#674f25", "#1e5057"), c(1:6), colorblind=NA),
  Rothko = list(c("#2e8651", "#e6be77", "#9e4470", "#ce3e10", "#372f32"), c(1:5), colorblind=NA),
  Shaw = list(c("#e6fc73", "#9af283", "#4db984", "#62b2e0", "#30367b", "#9b41bb", "#fd7ab0", "#bd373e", "#fd8f58"), c(1:9), colorblind = NA),
  Shonibare = list(c("#600043", "#a20b21", "#d87902", "#cc9a00", "#217a2b", "#008c80", "#002d4e"), c(1:7), colorblind=NA),
  Terrill = list(c("#7c2812", "#aa502a", "#d59700", "#286844", "#30738f", "#3fa4d8", "#2c2e48", "#5a528a"), c(1:8), colorblind=NA),
  Villon3 = list(c("#c7513c", "#d89046", "#529a96", "#2c447d", "#22211e"), c(1:5), colorblind=NA),
  Villon4 = list(c("#92c0a7", "#6fb275", "#617e4c", "#468374", "#829ad9", "#535ea6", "#3b21b4", "#7f7094"), c(1:8), colorblind=NA),
  Wright = list(c("#9f5e48", "#d4a559", "#dabb87", "#a2ac89", "#89b6bd"), c(1:5), colorblind=NA)
)
