# Colors

Colors <- list(
  Connors = c("#e3310c", "#e85934", "#f38370", "#e09d17", "#60c198")
  )
